3.8345 521.125
4.68319 526.864
4.53419 525.534
4.6753 519.209
4.45184 521.567
4.1211 524.985
3.64424 525.013
4.84458 525.745
4.99793 520.151
5.09788 523.402
4.48459 520.721
4.21424 523.431
4.39106 524.528
4.28495 519.579
4.29484 524.883
4.531 521.364
4.56765 522.096
4.07877 520.041
4.41601 524.369
3.6986 520.047
4.42415 517.554
4.86203 520.78
4.13759 516.973
4.05252 520.33
4.30271 518.156
4.02103 522.652
4.17283 516.286
4.34236 523.944
4.07862 521.188
4.61019 522.082
4.36904 520.365
4.39988 518.23
3.86569 522.494
4.32013 520.672
4.61156 521.955
3.87698 522.489
3.97088 524.122
4.0987 522.222
4.75708 522.792
3.93845 524.17
4.24572 524.129
4.2937 520.028
3.89769 523.377
4.45063 528.629
4.40625 520.475
4.25842 522.717
4.43485 520.897
4.00997 521.213
3.7945 522.667
4.31895 523.647
4.59612 521.237
4.3369 519.448
4.32577 522.213
4.17611 519.367
4.18119 524.921
3.91178 520.041
3.68963 526.091
4.18845 521.028
3.86342 521.457
4.228 522.733
4.53617 527.046
4.48975 519.81
4.11511 520.022
4.37434 519.592
3.91978 523.076
4.31248 526.236
4.14901 520.853
4.23979 519.229
4.23437 522.117
4.73048 521.6
4.06376 520.857
4.40017 524.261
3.98693 522.035
3.94044 524.966
4.40107 521.43
4.68527 520.82
4.16739 518.87
3.81411 521.279
4.107 523.47
4.02117 523.573
4.13666 522.985
4.11158 529.742
4.0875 525.442
4.44366 521.239
4.50765 523.664
4.438 521.43
4.28814 522.361
3.82447 523.43
4.23095 524.386
4.40635 523.151
1.96047e+10 529.322
1.96047e+10 519.154
1.96047e+10 533.358
1.96047e+10 534.383
1.96047e+10 523.169
3.81016e+10 489.285
1.80615e+22 1280.17
3.05001e+24 103.615
3.05025e+24 21.2504
3.05027e+24 39.9225
3.05028e+24 -0.0510893
3.05028e+24 3.9518
3.05028e+24 6.4082
3.05028e+24 -0.0197516
3.05028e+24 0.0159423
3.05501e+24 0.126507
3.05501e+24 -0.0285589
3.05501e+24 -0.0353871
3.05501e+24 -0.0201823
3.05501e+24 -0.00595779
3.05501e+24 -0.00557468
3.05501e+24 -0.00666163
3.05501e+24 -0.00926112
3.05501e+24 -0.0122937
3.05501e+24 -0.00135835
3.05501e+24 -0.00758142
3.05501e+24 -0.00468574
3.05501e+24 -0.00341401
3.05501e+24 -0.00228179
3.05501e+24 0.0299219
3.05501e+24 -0.000673486
3.05501e+24 -9.19705e-05
3.05501e+24 -0.00342678
3.05501e+24 -0.0191416
3.05501e+24 -0.0101806
3.05501e+24 -0.00639718
3.05501e+24 -0.00603932
3.05501e+24 -0.0104963
3.05501e+24 -0.000361458
3.05501e+24 -0.000269732
3.05501e+24 -6.47358e-05
3.05501e+24 -0.00900979
3.05501e+24 0
3.05501e+24 -0.000177042
3.05501e+24 -0.000102665
3.05501e+24 0.104818
3.05501e+24 -0.000160128
3.05501e+24 -0.00326388
3.05501e+24 0.0344754
3.05501e+24 13.8359
3.05501e+24 -0.000152973
3.05501e+24 -0.000448526
3.05501e+24 -0.000690642
3.05501e+24 -0.00187468
3.05501e+24 -0.00441673
3.05501e+24 -0.0115937
3.05501e+24 -0.00757097
3.05501e+24 -0.000595537
3.05501e+24 -0.000110045
3.05501e+24 0
3.05501e+24 -0.00030004
3.05501e+24 -0.000105684
3.05501e+24 -0.00612858
3.05501e+24 -0.000547875
3.05501e+24 -9.43705e-05
3.05501e+24 -0.00123685
3.05501e+24 -0.000134409
3.05501e+24 -0.000286214
3.05501e+24 0.0133336
3.05501e+24 -0.000314296
3.05501e+24 -0.0083626
3.05501e+24 0.0304825
3.05501e+24 -0.00742385
3.05501e+24 0
3.05501e+24 -0.00106889
3.05501e+24 -0.00138138
3.05501e+24 -0.000324446
3.05501e+24 -0.00144324
3.05501e+24 -0.00617441
3.05501e+24 -0.00839036
3.05501e+24 -0.0022807
3.05501e+24 -0.000409188
3.05501e+24 -6.78224e-05
3.05501e+24 0
3.05501e+24 0
3.05501e+24 0
3.05501e+24 -0.000149329
3.05501e+24 0
3.05501e+24 0
3.05501e+24 -7.83565e-05
3.05501e+24 -0.00159543
3.05501e+24 -0.000536758
3.05501e+24 -0.000478508
3.05501e+24 -0.000429342
3.05501e+24 -0.0116023
3.05501e+24 -0.00356984
3.05501e+24 -0.00983001
3.05501e+24 -0.00943951
3.05501e+24 -0.00258622
3.05501e+24 -0.00354614
3.05501e+24 -0.000170637
3.05501e+24 -0.00512227
3.05501e+24 -0.000421826
3.05501e+24 0
3.05501e+24 -0.00447472
3.05501e+24 -0.000384305
3.05501e+24 0
3.05501e+24 -0.000170798
3.05501e+24 -0.000256743
3.05501e+24 -0.000173182
